0.937
0.932
0.942
0.936
0.941
0.934
0.94
0.934
0.937
0.942
0.936
0.941
0.942
0.936
0.937
0.934
0.937
0.932
0.941
0.932
0.938
0.933
0.927
0.932
0.94
0.93
0.936
0.929
0.93
0.926
0.931
0.927
0.935
0.933
0.924
0.933
0.935
0.924
0.932
0.937
0.932
0.934
0.899
1.077
0.734
1.111
0.797
1.098
0.776
1.018
0.909
1.118
0.799
1.074
0.805
1.085
0.78
1.035
0.8
1.051
0.82
1.056
0.774
1.02
0.94
1.004
0.856
1.068
0.792
1.098
0.761
1.077
0.788
1.124
0.791
1.078
0.809
1.065
0.843
1.079
0.846
0.931
0.924
0.931
0.924
0.93
0.927
0.929
0.927
1.432
0.573
1.16
0.75
1.009
0.885
0.944
0.734
1.507
0.308
0.998
0.774
0.962
0.588
1.153
0.767
1.031
0.923
0.924
0.787
1.076
0.795
0.992
0.693
1.001
0.954
1.011
0.784
1.205
0.88
1.028
0.792
1.081
0.822
0.94
0.736
1.056
0.826
1.046
0.818
1.096
0.756
1.222
0.771
1.004
0.924
1.04
0.684
1.114
0.82
1.326
0.675
0.937
0.849
1.094
1.002
1.156
0.978
1.173
1.137
1.478
0.351
1.025
0.894
1.357
0.817
0.878
0.858
0.921
0.782
0.834
0.721
0.914
0.894
0.97
0.727
1.017
0.89
0.985
0.848
0.894
0.831
0.892
0.749
1.338
0.558
0.991
0.811
1.338
0.91
2.426
2.023
2.131
1.666
2.037
0.633
1.066
0.836
1.277
0.592
0.857
0.822
0.838
0.631
0.949
0.874
0.891
0.848
0.874
0.86
0.904
0.872
0.888
0.878
1.112
0.798
3.101
2.872
4.257
3.002
4.095
0.793
1.068
0.675
0.825
0.733
1.004
0.926
0.974
0.855
1.058
0.949
1.145
0.79
3.036
2.232
3.866
2.846
2.863
0.787
2.099
0.49
0.644
1.011
0.996
1.018
0.644
1.041
0.958
3.602
0.579
1.051
0.953
1.069
0.716
0.96
0.518
2.592
2.26
4.134
3.709
3.958
1.312
1.963
0.68
1.029
0.908
0.926
0.714
4.161
0.849
3.162
0.804
1.086
1.037
1.102
0.752
0.941
0.933
0.934
0.917
1.066
0.971
1.089
0.762
0.877
0.866
0.9
0.879
0.914
0.888
0.945
0.863
0.869
0.818
0.941
0.818
1.085
0.903
0.759
1.123
0.705
1.399
1.323
1.525
0.611
1.149
1.04
1.086
0.735
1.2
0.971
1.208
1.032
1.092
1.087
1.105
0.611
1.489
0.974
1.153
1.111
1.128
1.095
1.626
1.157
1.265
1.145
1.378
1.309
1.4
1.277
1.419
1.011
1.251
1.154
1.255
1.216
1.286
1.099
1.126
0.902
0.983
0.866
1.014
0.949
1.017
1.002
1.234
1.206
1.531
1.272
1.288
1.03
1.054
0.931
1.051
1.257
1.137
1.343
1.219
1.229
0.929
1.02
1.013
1.288
1.113
1.151
1.149
1.175
1.174
1.432
1.186
1.214
1.079
1.111
1.102
1.152
0.893
0.908
0.668
0.92
0.906
0.94
0.882
1.008
0.86
0.897
0.889
0.902
0.875
0.931
0.846
1.321
0.903
1.387
0.917
1.13
1.014
1.248
1.269
0.969
0.972
0.956
1.335
0.948
1.298
1.209
1.222
1.129
1.15
0.911
1.001
0.858
1.263
1.243
1.296
0.948
1.098
1.007
1.823
1.46
1.649
0.994
1.114
0.674
1.605
1.141
1.561
1.048
1.416
1.171
1.206
1.2
1.271
1.047
1.323
1.304
1.738
1.503
4.245
1.747
4.317
3.837
4.219
3.747
3.971
0.96
3.472
3.078
3.424
2.775
3.242
0.524
2.955
2.391
3.309
2.377
3.115
0.371
1.46
1.19
1.238
0.84
0.865
0.82
1.429
1.155
1.746
1.46
2.858
0.957
1.273
0.628
1.174
0.866
0.91
0.713
1.217
0.824
0.854
0.672
3.619
3.303
3.611
0.794
2.752
1.728
3.18
1.206
1.635
1.031
1.342
0.723
0.846
0.528
1.256
0.452
0.859
-0.538
0.461
0.105
2.884
0.593
1.031
0.591
1.168
0.99
1.264
0.627
3.088
0.468
1.82
0.743
0.747
0.686
1.493
0.985
1.288
1.0
1.642
1.01
3.658
2.931
3.23
2.4
2.892
2.514
2.892
0.716
1.137
0.886
3.781
0.965
1.623
0.539
3.94
3.68
4.07
0.183
1.047
0.758
2.723
1.348
2.316
2.048
4.882
-0.285
1.73
0.87
2.816
2.565
3.885
0.204
0.358
0.02
2.412
0.917
1.988
0.959
4.326
1.573
4.48
3.654
4.238
3.302
3.709
3.477
4.101
1.945
2.177
0.813
4.545
1.844
2.162
1.054
1.767
1.478
2.302
1.718
1.998
1.723
3.576
0.768
2.993
0.792
1.139
0.895
1.865
1.008
5.254
2.882
5.471
5.107
5.392
4.544
4.82
1.97
3.537
3.048
3.325
1.714
2.133
1.91
2.153
1.293
3.424
0.14
2.669
1.36
2.665
0.776
2.11
1.301
2.945
1.058
1.428
0.771
3.098
1.804
5.063
4.804
5.26
1.639
3.805
3.525
3.813
3.4
3.644
3.279
3.517
3.267
3.548
0.518
2.177
0.14
3.66
1.099
1.432
0.531
4.891
0.414
2.617
0.328
2.874
2.188
2.544
1.574
1.87
0.881
0.927
0.746
1.755
1.748
1.891
0.556
2.863
1.341
3.985
0.419
0.903
0.659
2.492
1.088
3.365
1.882
3.206
1.906
4.354
0.259
0.556
0.322
2.719
-0.103
3.845
-0.157
0.193
-0.109
3.752
0.639
1.744
1.161
2.982
1.678
4.618
2.029
2.266
0.925
1.921
1.269
2.023
1.55
2.163
0.737
4.486
1.011
5.415
1.389
2.823
1.927
2.243
1.38
2.901
1.387
4.48
1.341
3.49
1.444
1.872
1.477
3.749
0.483
2.144
0.501
2.429
1.735
3.136
0.512
3.541
1.185
4.512
0.854
3.723
0.921
1.779
1.548
1.978
1.053
4.187
0.899
4.557
1.582
3.349
0.889
1.219
0.987
3.525
0.927
5.222
4.862
5.226
1.709
4.671
4.384
4.614
2.442
2.83
1.006
1.241
0.944
1.664
1.176
1.584
1.452
4.15
1.597
2.339
1.099
2.307
-0.199
3.336
0.735
1.197
0.974
1.503
1.084
1.344
1.106
1.381
1.157
1.38
1.255
3.847
1.145
3.862
2.231
2.472
1.779
2.299
1.056
1.423
0.906
1.466
0.706
1.006
0.854
1.627
1.074
1.3
0.978
1.207
0.743
1.416
0.623
3.275
1.709
3.224
1.263
1.796
0.502
1.143
0.908
1.245
1.199
1.261
0.765
1.019
0.971
1.601
1.056
3.4
2.291
5.322
4.879
5.106
4.722
5.132
4.365
5.001
4.343
4.692
0.979
4.673
4.344
4.834
4.596
4.832
4.296
4.558
4.105
4.73
4.046
4.672
4.133
4.358
3.152
4.423
3.897
4.16
3.85
4.488
3.852
4.154
3.781
4.19
1.559
3.954
3.512
3.749
3.266
3.516
3.198
3.498
3.017
3.328
0.656
1.031
0.972
1.16
0.768
0.89
0.851
0.946
0.903
4.055
3.74
4.039
3.745
4.024
3.047
3.839
0.578
0.616
0.238
1.186
1.076
1.125
0.305
0.874
0.861
0.948
0.91
1.036
0.7
1.063
0.531
0.842
0.811
0.889
0.822
1.163
0.922
1.75
1.194
2.078
0.967
1.155
0.452
0.969
0.6
0.854
0.828
1.502
1.182
1.713
1.186
4.824
4.6
5.019
4.747
5.074
4.555
4.792
4.066
5.584
5.347
5.69
5.316
5.66
5.209
5.642
5.287
5.547
4.025
4.303
3.344
5.217
4.695
4.96
0.826
4.167
3.716
4.079
3.395
3.785
3.047
3.414
2.984
3.268
2.856
3.102
1.026
1.45
0.525
0.813
0.616
1.13
0.897
0.922
0.562
1.011
0.938
1.04
0.765
0.948
0.842
1.077
0.536
0.701
0.453
0.847
0.82
1.122
1.081
1.179
1.156
1.255
0.826
1.105
0.725
0.86
0.76
1.149
0.836
1.354
1.192
1.277
0.787
1.257
0.913
4.886
4.606
4.874
4.502
4.929
4.365
4.796
4.48
4.815
4.303
4.736
4.389
4.763
4.116
4.407
4.139
4.577
4.076
4.37
4.05
4.399
3.807
4.259
3.517
3.9
3.642
4.05
3.721
3.957
0.733
3.046
2.454
2.889
2.237
2.668
2.299
2.585
2.162
2.495
1.684
2.006
1.388
2.209
1.694
2.106
1.482
1.995
0.987
1.946
1.391
1.675
0.137
1.265
0.999
1.661
1.178
0.594
1.101
0.9
1.212
0.81
0.866
0.779
1.08
0.912
0.943
0.793
1.11
1.045
4.015
1.669
3.716
3.158
3.431
0.568
1.054
0.77
1.185
0.79
1.232
1.105
1.362
1.0
1.499
1.098
1.131
1.095
1.589
1.47
1.856
1.168
1.305
1.108
1.389
1.298
2.858
1.796
2.672
1.547
2.565
0.19
1.26
0.818
1.643
0.2
1.018
0.695
1.904
0.636
0.899
0.584
0.957
0.609
1.363
-0.02
2.267
1.709
2.335
0.424
0.784
0.418
1.436
0.366
4.172
1.1
4.341
1.206
3.728
2.418
3.588
2.318
3.75
1.101
3.677
0.751
0.976
0.675
2.115
1.78
2.998
1.182
1.199
1.085
4.391
0.746
0.985
0.442
1.527
-0.042
2.121
1.367
1.933
1.652
2.587
0.725
1.132
0.972
3.588
0.714
1.614
1.035
5.229
1.043
4.276
0.044
5.213
2.287
3.017
0.623
1.516
1.258
1.525
0.303
2.277
0.374
2.734
1.248
3.777
2.168
3.516
2.086
2.805
1.058
4.032
1.461
2.48
1.243
5.239
0.652
1.222
1.019
1.606
0.314
1.032
0.594
1.82
0.176
3.978
1.269
2.378
1.077
1.414
0.692
5.173
1.014
4.584
4.362
4.657
4.306
4.571
4.258
4.479
4.201
4.523
4.242
4.468
1.757
3.249
1.439
2.111
1.308
2.305
1.94
4.639
4.217
5.118
1.001
4.543
4.191
4.445
4.08
4.332
1.748
3.414
1.214
1.579
1.291
2.035
1.213
2.102
1.392
4.634
2.154
3.53
3.171
4.829
4.532
4.797
4.532
5.145
2.042
4.796
2.544
2.945
1.309
3.718
3.41
3.797
3.517
3.768
1.298
1.408
1.152
1.282
0.769
0.835
0.535
4.753
0.395
4.778
1.486
2.533
2.189
2.52
0.662
4.287
0.387
5.696
5.078
5.306
0.707
4.962
0.959
4.212
3.846
4.397
2.107
2.669
1.057
5.293
0.678
